Super
Israel
Tel Aviv
Efter
2
435216
6
4
1
fish oil
1
15.00
10
3
gum
1
12.00
100
4
optalgin
1
100.00
14
5
Acamol
2
23.00
7
2
2
Advil
0
25.00
20
123456
20/4/2026
0
6
Epipen
0
32.00
35
349483
10/3/2028
1
3
7
Daniel
0
10
315396358
12
050-2602708
1
Manager
15000.00
5
Itay
0
10
299384774
12
055-9874457
2
Pharmacist
8400.00
5
Dina
1
10
203948556
12
052-3948574
3
Pharmacist
9000.00
4
5
Omer
0
10
123456789
12
054-2451423
1
5
Pini
0
10
203948576
12
053-4854463
2
9
Shoshana
1
10
239438457
12
052-3382938
3
4
Roy
2
10
203948454
12
055-4637463
4
1
1 4
349483
5 1
12/3/2027
5
27/4/2024
0
1
6
7
Epipen
32
5
5 4 1 160
27/4/2024
0
1
6
7
Epipen
32
5
4 4 3 0
27/4/2024
0
1
6
7
Epipen
32
5
3 4 3 0
27/4/2024
0
0
2 2 1 0
27/4/2024
1
5
7
Acamol
23
3
0
1 1 2 0
